617
72
972
912
726
584
35
964
148
1194
516
167
491
1164
797
569
504
338
900
663
803
950
69
856
241
335
1180
245
1022
402
108
608
359
811
515
5
740
759
20
337
692
1126
539
1024
382
96
216
873
745
384
1040
709
1173
444
117
935
1076
473
220
373
353
137
992
346
305
997
275
635
171
1188
1118
125
633
750
81
464
320
769
440
400
249
497
345
1042
1215
161
123
567
1189
225
1213
921
529
563
746
179
172
779
883
1192
1137
791
45
741
847
733
905
1019
173
1228
1155
1134
831
1074
851
13
555
607
590
525
998
1229
1106
407
261
1221
450
197
100
314
385
776
961
269
145
443
963
116
868
1069
897
1143
649
722
806
652
401
471
545
396
872
257
946
807
156
600
246
939
111
449
433
1075
412
1015
1227
428
142
522
1136
483
554
280
307
180
1138
59
354
236
636
826
159
919
1147
498
610
1003
846
881
1160
438
1077
1214
284
480
115
299
1109
514
107
580
565
613
1125
324
640
15
154
1012
894
637
927
149
419
227
681
55
375
318
118
695
93
195
351
323
308
1104
1071
808
153
694
1211
697
1090
615
944
301
465
437
120
1201
579
657
618
32
1080
1212
816
