161
187
811
92
228
68
422
49
589
686
604
78
23
861
113
726
77
771
624
277
762
383
731
577
66
776
764
542
391
377
850
315
817
132
13
674
459
574
239
758
785
440
867
65
553
621
9
639
249
530
235
602
529
181
328
137
291
606
388
821
501
10
423
175
590
347
37
818
307
837
8
788
863
5
642
488
735
273
99
151
800
748
525
690
705
449
644
712
533
392
293
356
549
57
535
409
737
516
305
566
416
144
515
51
545
406
413
25
701
734
22
374
425
404
303
399
428
301
360
208
546
791
153
250
721
733
662
492
140
554
109
230
851
316
634
127
780
417
231
434
664
626
424
869
641
408
147
816
45
432
486
426
407
636
414
387
614
860
693
34
826
0
55
570
527
617
647
71
562
334
203
431
596
805
433
