10.73
12.99
8.12
10.81
12.65
12.87
9.97
11.65
11.95
10.5
12.66
8.87
11.09
12.36
8.33
8.67
10.09
10.36
12.77
9.64
9.75
11.73
9.79
8.02
10.35
11.04
9.73
10.84
10.09
10.6
12.43
8.62
10.69
10.3
10.44
10.78
10.38
8.34
11.84
8.92
9.62
10.15
11.89
10.55
12.47
11.02
9.12
11.66
9.62
12.98
11.51
9.12
9.02
11.67
10.64
10.12
10.9
8.1
9.67
8.91
9.24
8.19
8.99
8.8
9.08
8.45
9.58
11.22
8.46
9.52
11.17
9.39
9.43
8.56
11.91
11.1
9.06
8.98
11.66
19.3
20.89
15.41
15.21
14.59
20.08
14.09
20.47
20.04
14.05
17.46
19.27
11.05
16.51
19.05
13.33
19.88
15.78
17.5
20.15
17.78
14.25
18.32
16.8
18.2
17.5
19.15
18.19
15.55
20.54
19.39
21.74
13.81
18.01
18.59
17.59
17.01
18.02
7.29
8.29
8.78
8.04
12.44
12.79
9.57
8.61
8.59
10.76
11.92
13.32
10.12
8.91
7.68
11.24
10.26
11.18
12.99
7.17
8.91
7.55
8.45
7.26
11.43
13.56
8.11
10.41
9.23
9.17
12.07
11.53
11.61
13.49
10.78
10.21
11.42
8.53
8.38
10.69
9.17
12.24
11.28
12.28
8.3
12.62
11.56
11.91
8.49
8.61
8.56
10.21
12.59
10.36
7.86
7.67
8.05
13.25
9.38
12.45
11.97
8.19
11.8
10.19
7.63
10.81
9.23
10.69
13.28
7.91
13.22
10.16
7.24
11.56
8.1
11.33
11.79
12.25
9.92
8.8
10.7
10.92
8.26
10.74
9.98
11.17
13.75
12.1
11.32
12.41
8.37
12.54
12.12
13.42
9.42
12.79
10.86
11.87
11.1
8.95
10.9
13.28
10.65
9.81
17.43
15.4
16.31
15.28
15.63
17.7
14.2
17.89
17.83
14.95
16.14
15.91
15.9
14.19
13.3
16.93
16.08
14.79
17.37
14.81
8.19
15.27
17.86
14.48
14.87
16.32
8.93
17.3
12.49
15.21
15.21
14.39
14.38
9.96
16.88
14.2
16.55
17.15
13.24
9.16
14.91
16.73
15.32
11.18
8.26
16.77
9.35
13.33
17.09
11.73
14.18
16.28
16.13
11.4
11.09
15.95
15.81
14.42
17.96
11.37
9.45
15.83
17.61
13.09
12.38
7.35
10.52
14.09
10.97
7.25
14.46
13.35
14.66
9.94
14.06
9.22
7.19
11.41
9.7
9.53
8.39
9.55
8.16
13.92
14.83
12.33
11.33
13.92
9.5
9.92
10.58
8.58
9.83
11.92
11.58
10.92
9.67
11.75
9.33
10.08
9.75
13.58
10.33
9.42
12.17
9.92
11.67
9.83
10.33
11.83
12
11.25
12.08
13.08
14.08
13.33
8.92
12.58
11.5
10
10.42
9.17
14
11.5
12.17
10.42
9.25
9.75
12.08
8.58
10.33
10.75
9.92
10
8.42
10.42
10.42
10.83
9.08
11.92
13.42
11
9.67
9.25
9.92
12.17
10.5
12
14.58
9.67
9.58
9.58
15.92
9
11.92
9.92
11.42
13.92
17.33
13.75
14.25
11.58
9.25
11.83
12.75
11.33
9.25
13.83
12.17
14.25
13.75
13.33
13.58
13.5
13.17
13.5
11.17
12.17
13.42
14
12.75
13.75
9.42
10.83
9.17
11.33
9.58
11.92
10.5
8.75
10.33
9.75
9.83
10.25
10.33
10.33
9.08
10.08
11.25
14.33
13.83
13.33
13.25
13.08
14.17
15.08
11.08
13.5
12.83
13.83
13.33
11.33
14.92
9.67
9.67
13.75
10
10.08
12.92
12.83
11.17
14.58
10.92
9.83
9.25
13.17
12.25
10.33
12.42
13.33
13.17
13.58
14.58
17.01
14.99
17.16
13.11
20.45
10.49
18.72
18.48
18.93
19.66
11.41
18.52
14.82
18.8
18.96
10.76
18.9
18.85
13.87
10.11
14.15
15.78
14.57
17.91
13.53
13.97
12.47
17.46
18.31
17.23
14.84
16.16
15.69
17.13
14.89
11.24
15.15
18.6
18.14
17.86
17.44
18.72
15.91
17.49
12.91
11.12
16.28
17.96
12.12
18.49
18.9
18.33
11.03
13.68
12.41
18.86
12.35
11.69
15.88
12.23
17.84
18.81
13.65
16.74
13.94
10.16
