563
415
605
320
232
597
345
214
367
206
110
15
310
245
496
13
215
298
671
451
464
607
562
498
456
218
688
151
419
228
202
92
537
425
100
616
672
35
487
167
219
1
560
414
208
209
294
604
643
617
142
28
172
385
508
226
542
164
74
471
667
41
558
462
2
473
412
364
250
253
274
349
143
105
5
429
609
581
402
200
589
444
574
44
630
176
512
697
235
205
262
600
242
103
63
33
490
582
670
649
184
610
272
497
573
330
647
254
447
516
211
619
305
545
404
265
477
230
70
276
377
82
99
585
280
455
371
292
25
86
646
374
683
519
454
665
14
663
246
632
